1316 150.0
1297 210.0
1308 270.0
1300 330.0
1298 390.0
1304 450.0
1309 510.0
1299 570.0
1310 630.0
1305 690.0
1302 750.0
1305 810.0
1331 870.0
1330 930.0
1319 990.0
1316 1050.0
1295 1110.0
1318 1170.0
1317 1230.0
1304 1290.0
1321 1350.0
1321 1410.0
1310 1470.0
1324 1530.0
1309 1590.0
1319 1650.0
1308 1710.0
1320 1770.0
1316 1830.0
1323 1890.0
1315 1950.0
1319 2010.0
1320 2070.0
1326 2130.0
1326 2190.0
1329 2250.0
1327 2310.0
1322 2370.0
1324 2430.0
1325 2490.0
1321 2550.0
1328 2610.0
1322 2670.0
1324 2730.0
1328 2790.0
1311 2850.0
1322 2910.0
1320 2970.0
1328 3030.0
1311 3090.0
1312 3150.0
1307 3210.0
1328 3270.0
1332 3330.0
1319 3390.0
1337 3450.0
1338 3510.0
1347 3570.0
1358 3630.0
1359 3690.0
1339 3750.0
1359 3810.0
1362 3870.0
1348 3930.0
1353 3990.0
1349 4050.0
1342 4110.0
1362 4170.0
1344 4230.0
1331 4290.0
1329 4350.0
1331 4410.0
1334 4470.0
1337 4530.0
1348 4590.0
1351 4650.0
1366 4710.0
1361 4770.0
1361 4830.0
1360 4890.0
1370 4950.0
1371 5010.0
1356 5070.0
1363 5130.0
1371 5190.0
1378 5250.0
1366 5310.0
1358 5370.0
1362 5430.0
1355 5490.0
1349 5550.0
1358 5610.0
1370 5670.0
1369 5730.0
1384 5790.0
1390 5850.0
1390 5910.0
1388 5970.0
1375 6030.0
1385 6090.0
1388 6150.0
1399 6210.0
1382 6270.0
1387 6330.0
1384 6390.0
1356 6450.0
1354 6510.0
1345 6570.0
1343 6630.0
1365 6690.0
1364 6750.0
1354 6810.0
1369 6870.0
1369 6930.0
1366 6990.0
1367 7050.0
1358 7110.0
1353 7170.0
1365 7230.0
1361 7290.0
1364 7350.0
1357 7410.0
1364 7470.0
1377 7530.0
1390 7590.0
1375 7650.0
1348 7710.0
1366 7770.0
1356 7830.0
1349 7890.0
1354 7950.0
1350 8010.0
1364 8070.0
1381 8130.0
1369 8190.0
1348 8250.0
1363 8310.0
1359 8370.0
1356 8430.0
1362 8490.0
1359 8550.0
1358 8610.0
1352 8670.0
1361 8730.0
1358 8790.0
1357 8850.0
1345 8910.0
1354 8970.0
1347 9030.0
1345 9090.0
1350 9150.0
1365 9210.0
1347 9270.0
1347 9330.0
1351 9390.0
1353 9450.0
1356 9510.0
1343 9570.0
1345 9630.0
1332 9690.0
1326 9750.0
1326 9810.0
1337 9870.0
1321 9930.0
1333 9990.0
1344 10050.0
1343 10110.0
1356 10170.0
1340 10230.0
1363 10290.0
1352 10350.0
1358 10410.0
1356 10470.0
1356 10530.0
1349 10590.0
1350 10650.0
1345 10710.0
1352 10770.0
1350 10830.0
1357 10890.0
1350 10950.0
1339 11010.0
1347 11070.0
1348 11130.0
1345 11190.0
1353 11250.0
1337 11310.0
1332 11370.0
1333 11430.0
1335 11490.0
1323 11550.0
1319 11610.0
1323 11670.0
1326 11730.0
1324 11790.0
1324 11850.0
1314 11910.0
1315 11970.0
1295 12030.0
1303 12090.0
1307 12150.0
1299 12210.0
1307 12270.0
1309 12330.0
1305 12390.0
1314 12450.0
1308 12510.0
1294 12570.0
1292 12630.0
1292 12690.0
1302 12750.0
1297 12810.0
1285 12870.0
1285 12930.0
1293 12990.0
1278 13050.0
1269 13110.0
1256 13170.0
1259 13230.0
1262 13290.0
1258 13350.0
1245 13410.0
1267 13470.0
1260 13530.0
1263 13590.0
1233 13650.0
1228 13710.0
1239 13770.0
1228 13830.0
1208 13890.0
1211 13950.0
1218 14010.0
1205 14070.0
1212 14130.0
1209 14190.0
1207 14250.0
1203 14310.0
1198 14370.0
1207 14430.0
1221 14490.0
1199 14550.0
1194 14610.0
1195 14670.0
1200 14730.0
1199 14790.0
1196 14850.0
1195 14910.0
1191 14970.0
1197 15030.0
1189 15090.0
1193 15150.0
1188 15210.0
1173 15270.0
1181 15330.0
1199 15390.0
1187 15450.0
1171 15510.0
1190 15570.0
1166 15630.0
1167 15690.0
1176 15750.0
1187 15810.0
1174 15870.0
1171 15930.0
1161 15990.0
1176 16050.0
1156 16110.0
1170 16170.0
1157 16230.0
1153 16290.0
1157 16350.0
1149 16410.0
1144 16470.0
1135 16530.0
1141 16590.0
1123 16650.0
1128 16710.0
1124 16770.0
1125 16830.0
1114 16890.0
1125 16950.0
1112 17010.0
1119 17070.0
1111 17130.0
1096 17190.0
1077 17250.0
1076 17310.0
1077 17370.0
1071 17430.0
1061 17490.0
1061 17550.0
1058 17610.0
1058 17670.0
1058 17730.0
1059 17790.0
1055 17850.0
1055 17910.0
1044 17970.0
1047 18030.0
1039 18090.0
1040 18150.0
1037 18210.0
1038 18270.0
1047 18330.0
1035 18390.0
1028 18450.0
1027 18510.0
1035 18570.0
1027 18630.0
1022 18690.0
1020 18750.0
1017 18810.0
1016 18870.0
1014 18930.0
1010 18990.0
1009 19050.0
1015 19110.0
1006 19170.0
1003 19230.0
1004 19290.0
1001 19350.0
992 19410.0
996 19470.0
998 19530.0
985 19590.0
987 19650.0
989 19710.0
988 19770.0
984 19830.0
983 19890.0
979 19950.0
980 20010.0
975 20070.0
986 20130.0
974 20190.0
988 20250.0
964 20310.0
980 20370.0
981 20430.0
963 20490.0
969 20550.0
967 20610.0
961 20670.0
965 20730.0
964 20790.0
963 20850.0
956 20910.0
964 20970.0
946 21030.0
952 21090.0
949 21150.0
942 21210.0
944 21270.0
942 21330.0
945 21390.0
943 21450.0
960 21510.0
951 21570.0
934 21630.0
948 21690.0
950 21750.0
955 21810.0
953 21870.0
951 21930.0
939 21990.0
945 22050.0
941 22110.0
939 22170.0
938 22230.0
936 22290.0
934 22350.0
927 22410.0
926 22470.0
931 22530.0
934 22590.0
934 22650.0
922 22710.0
934 22770.0
930 22830.0
929 22890.0
933 22950.0
937 23010.0
934 23070.0
944 23130.0
948 23190.0
938 23250.0
937 23310.0
937 23370.0
942 23430.0
934 23490.0
930 23550.0
917 23610.0
932 23670.0
934 23730.0
941 23790.0
941 23850.0
935 23910.0
935 23970.0
933 24030.0
924 24090.0
945 24150.0
939 24210.0
924 24270.0
933 24330.0
944 24390.0
933 24450.0
928 24510.0
921 24570.0
942 24630.0
948 24690.0
947 24750.0
943 24810.0
958 24870.0
950 24930.0
940 24990.0
971 25050.0
968 25110.0
978 25170.0
967 25230.0
972 25290.0
987 25350.0
975 25410.0
968 25470.0
986 25530.0
967 25590.0
994 25650.0
990 25710.0
984 25770.0
977 25830.0
989 25890.0
992 25950.0
998 26010.0
993 26070.0
992 26130.0
998 26190.0
1005 26250.0
1007 26310.0
1001 26370.0
1000 26430.0
1014 26490.0
1011 26550.0
1006 26610.0
1015 26670.0
1024 26730.0
1029 26790.0
1034 26850.0
1025 26910.0
1037 26970.0
1035 27030.0
1033 27090.0
1022 27150.0
1014 27210.0
1034 27270.0
1036 27330.0
1037 27390.0
1044 27450.0
1028 27510.0
1041 27570.0
1045 27630.0
1038 27690.0
1032 27750.0
1040 27810.0
1045 27870.0
1036 27930.0
1036 27990.0
1044 28050.0
1046 28110.0
1054 28170.0
1055 28230.0
1048 28290.0
1065 28350.0
1064 28410.0
1062 28470.0
1069 28530.0
1070 28590.0
1068 28650.0
1078 28710.0
1086 28770.0
1078 28830.0
1085 28890.0
1088 28950.0
1089 29010.0
1090 29070.0
1093 29130.0
1088 29190.0
1097 29250.0
1087 29310.0
1098 29370.0
1098 29430.0
1093 29490.0
1097 29550.0
1097 29610.0
1105 29670.0
1095 29730.0
1099 29790.0
1103 29850.0
1100 29910.0
1090 29970.0
1090 30030.0
1086 30090.0
1084 30150.0
1113 30210.0
1092 30270.0
1108 30330.0
1106 30390.0
1111 30450.0
1112 30510.0
1123 30570.0
1111 30630.0
1117 30690.0
1105 30750.0
1127 30810.0
1116 30870.0
1132 30930.0
1125 30990.0
1121 31050.0
1118 31110.0
1124 31170.0
1114 31230.0
1126 31290.0
1119 31350.0
1132 31410.0
1109 31470.0
1132 31530.0
1136 31590.0
1127 31650.0
1136 31710.0
1137 31770.0
1137 31830.0
1152 31890.0
1155 31950.0
1144 32010.0
1147 32070.0
1154 32130.0
1156 32190.0
1169 32250.0
1173 32310.0
1169 32370.0
1172 32430.0
1199 32490.0
1172 32550.0
1190 32610.0
1186 32670.0
1184 32730.0
1201 32790.0
1207 32850.0
1206 32910.0
1208 32970.0
1201 33030.0
1211 33090.0
1207 33150.0
1209 33210.0
1215 33270.0
1221 33330.0
1218 33390.0
1204 33450.0
1207 33510.0
1217 33570.0
1212 33630.0
1212 33690.0
1194 33750.0
1228 33810.0
1227 33870.0
1213 33930.0
1224 33990.0
1223 34050.0
1221 34110.0
1226 34170.0
1223 34230.0
1232 34290.0
1227 34350.0
1230 34410.0
1215 34470.0
1219 34530.0
1213 34590.0
1226 34650.0
1235 34710.0
1230 34770.0
1216 34830.0
1212 34890.0
1231 34950.0
1226 35010.0
1219 35070.0
1221 35130.0
1212 35190.0
1208 35250.0
1214 35310.0
1207 35370.0
1205 35430.0
1211 35490.0
1209 35550.0
1198 35610.0
1202 35670.0
1195 35730.0
1202 35790.0
1203 35850.0
1210 35910.0
1213 35970.0
1209 36030.0
1209 36090.0
1200 36150.0
1207 36210.0
1201 36270.0
1202 36330.0
1196 36390.0
1200 36450.0
1200 36510.0
1188 36570.0
1200 36630.0
1210 36690.0
1203 36750.0
1208 36810.0
1206 36870.0
1204 36930.0
1207 36990.0
1200 37050.0
1198 37110.0
1200 37170.0
1198 37230.0
1203 37290.0
1205 37350.0
1204 37410.0
1204 37470.0
1199 37530.0
1204 37590.0
1202 37650.0
1202 37710.0
1204 37770.0
1209 37830.0
1210 37890.0
1203 37950.0
1205 38010.0
1205 38070.0
1296 38130.0
1296 38190.0
1282 38250.0
1283 38310.0
1275 38370.0
1275 38430.0
1283 38490.0
1273 38550.0
1283 38610.0
1261 38670.0
1259 38730.0
1266 38790.0
1238 38850.0
1166 38910.0
1249 38970.0
1242 39030.0
1235 39090.0
1235 39150.0
1211 39210.0
1237 39270.0
1249 39330.0
1237 39390.0
1239 39450.0
1236 39510.0
1246 39570.0
1246 39630.0
1245 39690.0
1250 39750.0
1249 39810.0
1261 39870.0
1258 39930.0
1263 39990.0
1269 40050.0
1266 40110.0
1282 40170.0
1271 40230.0
1287 40290.0
1272 40350.0
1270 40410.0
1264 40470.0
1271 40530.0
1277 40590.0
1261 40650.0
1261 40710.0
1286 40770.0
1286 40830.0
1289 40890.0
1285 40950.0
1299 41010.0
1289 41070.0
1296 41130.0
1290 41190.0
1299 41250.0
1305 41310.0
1316 41370.0
1330 41430.0
1309 41490.0
1319 41550.0
1322 41610.0
1322 41670.0
1316 41730.0
1324 41790.0
1319 41850.0
1344 41910.0
1347 41970.0
1349 42030.0
1353 42090.0
1349 42150.0
1334 42210.0
1345 42270.0
1353 42330.0
1331 42390.0
1334 42450.0
1335 42510.0
1312 42570.0
1340 42630.0
1346 42690.0
1348 42750.0
1343 42810.0
1349 42870.0
1353 42930.0
1346 42990.0
1356 43050.0
1362 43110.0
1355 43170.0
1358 43230.0
1357 43290.0
1367 43350.0
1360 43410.0
1360 43470.0
1382 43530.0
1376 43590.0
1379 43650.0
1384 43710.0
1384 43770.0
1399 43830.0
1401 43890.0
1395 43950.0
1397 44010.0
1400 44070.0
1397 44130.0
1388 44190.0
1412 44250.0
1385 44310.0
1401 44370.0
1421 44430.0
1421 44490.0
1427 44550.0
1441 44610.0
1432 44670.0
1443 44730.0
1447 44790.0
1458 44850.0
1462 44910.0
1470 44970.0
1484 45030.0
1498 45090.0
1495 45150.0
1486 45210.0
1497 45270.0
1512 45330.0
1502 45390.0
1501 45450.0
1504 45510.0
1515 45570.0
1526 45630.0
1519 45690.0
1517 45750.0
1538 45810.0
1539 45870.0
1534 45930.0
1527 45990.0
1542 46050.0
1545 46110.0
1544 46170.0
1535 46230.0
1556 46290.0
1549 46350.0
1545 46410.0
1575 46470.0
1563 46530.0
1566 46590.0
1561 46650.0
1567 46710.0
1578 46770.0
1590 46830.0
1604 46890.0
1601 46950.0
1598 47010.0
1604 47070.0
1616 47130.0
1618 47190.0
1634 47250.0
1662 47310.0
1639 47370.0
1660 47430.0
1648 47490.0
1642 47550.0
1653 47610.0
1692 47670.0
1678 47730.0
1683 47790.0
1677 47850.0
1670 47910.0
1709 47970.0
1721 48030.0
1726 48090.0
1720 48150.0
1724 48210.0
1735 48270.0
1747 48330.0
1780 48390.0
1788 48450.0
1758 48510.0
1780 48570.0
1803 48630.0
1785 48690.0
1773 48750.0
1799 48810.0
1786 48870.0
1788 48930.0
1773 48990.0
1768 49050.0
1786 49110.0
1797 49170.0
1792 49230.0
1792 49290.0
1792 49350.0
1798 49410.0
1807 49470.0
1796 49530.0
1782 49590.0
1789 49650.0
1807 49710.0
1791 49770.0
1814 49830.0
1814 49890.0
1813 49950.0
1832 50010.0
1835 50070.0
1832 50130.0
1836 50190.0
1841 50250.0
1864 50310.0
1862 50370.0
1861 50430.0
1871 50490.0
1864 50550.0
1876 50610.0
1875 50670.0
1875 50730.0
1889 50790.0
1894 50850.0
1893 50910.0
1898 50970.0
1919 51030.0
1919 51090.0
1922 51150.0
1931 51210.0
1916 51270.0
1933 51330.0
1918 51390.0
1957 51450.0
1940 51510.0
1943 51570.0
1935 51630.0
1955 51690.0
1964 51750.0
1980 51810.0
1974 51870.0
1980 51930.0
1982 51990.0
1973 52050.0
1982 52110.0
1987 52170.0
1994 52230.0
1999 52290.0
1990 52350.0
2005 52410.0
2001 52470.0
2008 52530.0
2009 52590.0
2010 52650.0
2029 52710.0
2014 52770.0
2013 52830.0
2011 52890.0
2011 52950.0
2018 53010.0
1991 53070.0
2014 53130.0
2008 53190.0
1995 53250.0
1993 53310.0
1996 53370.0
2014 53430.0
1999 53490.0
2013 53550.0
2012 53610.0
2022 53670.0
2028 53730.0
2019 53790.0
2030 53850.0
2038 53910.0
2047 53970.0
2053 54030.0
2052 54090.0
2052 54150.0
2067 54210.0
2073 54270.0
2092 54330.0
2064 54390.0
2073 54450.0
2049 54510.0
2059 54570.0
2077 54630.0
2057 54690.0
2065 54750.0
2078 54810.0
2072 54870.0
2069 54930.0
2070 54990.0
2073 55050.0
2077 55110.0
2071 55170.0
2063 55230.0
2080 55290.0
2074 55350.0
2082 55410.0
2081 55470.0
2080 55530.0
2096 55590.0
2087 55650.0
2083 55710.0
2109 55770.0
2102 55830.0
2107 55890.0
2099 55950.0
2062 56010.0
2090 56070.0
2088 56130.0
2084 56190.0
2076 56250.0
2088 56310.0
2094 56370.0
2079 56430.0
2084 56490.0
2096 56550.0
2076 56610.0
2074 56670.0
2085 56730.0
2059 56790.0
2028 56850.0
2058 56910.0
2080 56970.0
2055 57030.0
2063 57090.0
2063 57150.0
2076 57210.0
2058 57270.0
2085 57330.0
2078 57390.0
2077 57450.0
2106 57510.0
2105 57570.0
2103 57630.0
2109 57690.0
2107 57750.0
2106 57810.0
2107 57870.0
2106 57930.0
2106 57990.0
2104 58050.0
2111 58110.0
2108 58170.0
2118 58230.0
2103 58290.0
2134 58350.0
2130 58410.0
2139 58470.0
2122 58530.0
2115 58590.0
2096 58650.0
2086 58710.0
2104 58770.0
2108 58830.0
2120 58890.0
2104 58950.0
2123 59010.0
2110 59070.0
2121 59130.0
2115 59190.0
2104 59250.0
2107 59310.0
2119 59370.0
2102 59430.0
2121 59490.0
2092 59550.0
2100 59610.0
2109 59670.0
2112 59730.0
2093 59790.0
2105 59850.0
2097 59910.0
2099 59970.0
2084 60030.0
2102 60090.0
2109 60150.0
2110 60210.0
2080 60270.0
2082 60330.0
2065 60390.0
2048 60450.0
2044 60510.0
2056 60570.0
2045 60630.0
2059 60690.0
2040 60750.0
2071 60810.0
2069 60870.0
2061 60930.0
2055 60990.0
2039 61050.0
2072 61110.0
2071 61170.0
2068 61230.0
2062 61290.0
2084 61350.0
2083 61410.0
2089 61470.0
2091 61530.0
2097 61590.0
2089 61650.0
2100 61710.0
2100 61770.0
2093 61830.0
2116 61890.0
2096 61950.0
2118 62010.0
2088 62070.0
2096 62130.0
2091 62190.0
2118 62250.0
2109 62310.0
2106 62370.0
2084 62430.0
2098 62490.0
2090 62550.0
2103 62610.0
2073 62670.0
2087 62730.0
2095 62790.0
2104 62850.0
2097 62910.0
2089 62970.0
2108 63030.0
2113 63090.0
2108 63150.0
2106 63210.0
2104 63270.0
2127 63330.0
2114 63390.0
2116 63450.0
2121 63510.0
2116 63570.0
2095 63630.0
2109 63690.0
2107 63750.0
2087 63810.0
2108 63870.0
2118 63930.0
2088 63990.0
2086 64050.0
2082 64110.0
2078 64170.0
2088 64230.0
2078 64290.0
2074 64350.0
2089 64410.0
2105 64470.0
2092 64530.0
2100 64590.0
2094 64650.0
2092 64710.0
2091 64770.0
2083 64830.0
2077 64890.0
2086 64950.0
2080 65010.0
2077 65070.0
2088 65130.0
2086 65190.0
2096 65250.0
2096 65310.0
2113 65370.0
2078 65430.0
2092 65490.0
2113 65550.0
2089 65610.0
2112 65670.0
2150 65730.0
2134 65790.0
2147 65850.0
2143 65910.0
2128 65970.0
2165 66030.0
2143 66090.0
2145 66150.0
2182 66210.0
2169 66270.0
2162 66330.0
2178 66390.0
2167 66450.0
2168 66510.0
2161 66570.0
2128 66630.0
2143 66690.0
2130 66750.0
2134 66810.0
2128 66870.0
2108 66930.0
2127 66990.0
2112 67050.0
2126 67110.0
2104 67170.0
2112 67230.0
2097 67290.0
2107 67350.0
2124 67410.0
2126 67470.0
2113 67530.0
2095 67590.0
2096 67650.0
2082 67710.0
2072 67770.0
2077 67830.0
2070 67890.0
2085 67950.0
2077 68010.0
2077 68070.0
2078 68130.0
2105 68190.0
2086 68250.0
2103 68310.0
2094 68370.0
2083 68430.0
2099 68490.0
2088 68550.0
2086 68610.0
2078 68670.0
2081 68730.0
2065 68790.0
2069 68850.0
2089 68910.0
2080 68970.0
2084 69030.0
2079 69090.0
2083 69150.0
2079 69210.0
2070 69270.0
2067 69330.0
2063 69390.0
2099 69450.0
2097 69510.0
2103 69570.0
2118 69630.0
2120 69690.0
2139 69750.0
2128 69810.0
2139 69870.0
2096 69930.0
2102 69990.0
2106 70050.0
2106 70110.0
2089 70170.0
2085 70230.0
2087 70290.0
2087 70350.0
2088 70410.0
2091 70470.0
2098 70530.0
2110 70590.0
2089 70650.0
2094 70710.0
2100 70770.0
2210 70830.0
2175 70890.0
2128 70950.0
2106 71010.0
2099 71070.0
2110 71130.0
2088 71190.0
2146 71250.0
2202 71310.0
2150 71370.0
2110 71430.0
2092 71490.0
2082 71550.0
2062 71610.0
2050 71670.0
2060 71730.0
2051 71790.0
2054 71850.0
2066 71910.0
2050 71970.0
2043 72030.0
2039 72090.0
2054 72150.0
2042 72210.0
2047 72270.0
2045 72330.0
2055 72390.0
2056 72450.0
2048 72510.0
2057 72570.0
2032 72630.0
2035 72690.0
2039 72750.0
2049 72810.0
2033 72870.0
2057 72930.0
2044 72990.0
2069 73050.0
2042 73110.0
2062 73170.0
2042 73230.0
2044 73290.0
2052 73350.0
2063 73410.0
2056 73470.0
2076 73530.0
2044 73590.0
2056 73650.0
2060 73710.0
2058 73770.0
2058 73830.0
2089 73890.0
2061 73950.0
2045 74010.0
2061 74070.0
2051 74130.0
2054 74190.0
2048 74250.0
2047 74310.0
2007 74370.0
2035 74430.0
2040 74490.0
2039 74550.0
2021 74610.0
2035 74670.0
2024 74730.0
2011 74790.0
2000 74850.0
1995 74910.0
1994 74970.0
1994 75030.0
2002 75090.0
1982 75150.0
1977 75210.0
1998 75270.0
1975 75330.0
1989 75390.0
1997 75450.0
1977 75510.0
1978 75570.0
1983 75630.0
1991 75690.0
1993 75750.0
1988 75810.0
1998 75870.0
1959 75930.0
1984 75990.0
1974 76050.0
1979 76110.0
1971 76170.0
1985 76230.0
1973 76290.0
1974 76350.0
1956 76410.0
1964 76470.0
1966 76530.0
1955 76590.0
1948 76650.0
1987 76710.0
1953 76770.0
1942 76830.0
1949 76890.0
1954 76950.0
1950 77010.0
1948 77070.0
1930 77130.0
1940 77190.0
1930 77250.0
1936 77310.0
1931 77370.0
1938 77430.0
1925 77490.0
1922 77550.0
1924 77610.0
1909 77670.0
1909 77730.0
1905 77790.0
1902 77850.0
1895 77910.0
1891 77970.0
1892 78030.0
1865 78090.0
1871 78150.0
1864 78210.0
1877 78270.0
1866 78330.0
1849 78390.0
1821 78450.0
1849 78510.0
1823 78570.0
1804 78630.0
1819 78690.0
1810 78750.0
1802 78810.0
1807 78870.0
1802 78930.0
1821 78990.0
1803 79050.0
1805 79110.0
1799 79170.0
1803 79230.0
1802 79290.0
1799 79350.0
1796 79410.0
1788 79470.0
1781 79530.0
1771 79590.0
1776 79650.0
1777 79710.0
1756 79770.0
1771 79830.0
1761 79890.0
1753 79950.0
1760 80010.0
1773 80070.0
1747 80130.0
1756 80190.0
1761 80250.0
1743 80310.0
1745 80370.0
1719 80430.0
1712 80490.0
1706 80550.0
1719 80610.0
1714 80670.0
1716 80730.0
1702 80790.0
1682 80850.0
1699 80910.0
1686 80970.0
1690 81030.0
1684 81090.0
1688 81150.0
1669 81210.0
1682 81270.0
1683 81330.0
1675 81390.0
1661 81450.0
1665 81510.0
1660 81570.0
1647 81630.0
1642 81690.0
1649 81750.0
1641 81810.0
1641 81870.0
1633 81930.0
1629 81990.0
1619 82050.0
1610 82110.0
1598 82170.0
1592 82230.0
1605 82290.0
1591 82350.0
1579 82410.0
1582 82470.0
1585 82530.0
1585 82590.0
1567 82650.0
1581 82710.0
1565 82770.0
1573 82830.0
1577 82890.0
1547 82950.0
1557 83010.0
1550 83070.0
1558 83130.0
1542 83190.0
1555 83250.0
1540 83310.0
1552 83370.0
1564 83430.0
1552 83490.0
1560 83550.0
1553 83610.0
1543 83670.0
1547 83730.0
1541 83790.0
1529 83850.0
1531 83910.0
1531 83970.0
1523 84030.0
1526 84090.0
1522 84150.0
1514 84210.0
1525 84270.0
1531 84330.0
1525 84390.0
1519 84450.0
1523 84510.0
1512 84570.0
1533 84630.0
1511 84690.0
1514 84750.0
1501 84810.0
1509 84870.0
1502 84930.0
1491 84990.0
1498 85050.0
1504 85110.0
1495 85170.0
1500 85230.0
1498 85290.0
1497 85350.0
1489 85410.0
1488 85470.0
1485 85530.0
1487 85590.0
1475 85650.0
1462 85710.0
1468 85770.0
1471 85830.0
1470 85890.0
1471 85950.0
1489 86010.0
1476 86070.0
1454 86130.0
1468 86190.0
1470 86250.0
1477 86310.0
1458 86370.0
1472 86430.0
1474 86490.0
1477 86550.0
1477 86610.0
1468 86670.0
1482 86730.0
1482 86790.0
1479 86850.0
1475 86910.0
1473 86970.0
1316 150.0
1297 210.0
1308 270.0
1300 330.0
1298 390.0
1304 450.0
1309 510.0
1299 570.0
